tree
version=v4
num_class=1
num_tree_per_iteration=1
label_index=0
max_feature_idx=34
objective=lambdarank
feature_names=ret1 ret3 ret5 ret10 ret20 ret60 vol5 vol20 vol60 dvol20 skew20 kurt20 vol_ratio vma_ratio amt_ratio amp amp20 intraday overnight bias20 bias60 rsi14 macd_hist win20 win60 sharpe20 trend_streak kdj_j j_dev illiq20 rk_ret5 rk_ret20 rk_vol20 rk_amt20 rk_sharpe20
feature_infos=[-0.34953127989286403:0.22116689280868385] [-0.73098605479181089:4.4557658658908279] [-0.46445391343350528:4.5699742602545967] [-0.63265306122448972:5.0057523288089074] [-0.81999999999999995:4.8185162559101649] [-0.86764705882352944:10.790488431876605] [0:2.0695219054548097] [0:1.0345752977442806] [0.0041343101296672903:0.59817421698317286] none [-4.0408462293813141:4.4698442737141573] [-3:19.985598552098963] [0.028630499983395966:4.8679074957311581] [0.085234168284087114:3.6145646998180561] [0.022612337374341675:12.374311195077983] [0:0.77535294117647058] [0:0.16189791357724392] [-0.35948155683659255:0.28598130841121505] [-0.20008285004142501:0.20044543429844097] [-0.64179104477611948:2.8895275693409168] [-0.806970509383378:3.9290469959435272] [0:99.907912307438878] [-20.479780832720493:12.969279779908943] [0:0.94999999999999996] [0.10000000000000001:0.75] [-4.6438324643808411:15.73373335762493] [0:74] [-29.262989571928919:137.98272880129579] [-123.06220986311263:107.68103653535653] [1.5159077441474376e-15:2.3335168407710787e-08] [0.0002014098690835851:1] [0.00020202020202020202:1] [0.00020230629172567267:1] [0.00021353833013025838:1] [0.00020247013565499088:1]
tree_sizes=1834 1791 1802 1795 1789 1798

Tree=0
num_leaves=15
num_cat=0
split_feature=20 14 33 16 33 8 16 10 30 33 24 22 8 23
split_gain=12.6313 7.44331 7.09798 5.44483 5.34719 5.13733 4.89216 4.31807 4.24912 4.09163 3.84415 3.58394 3.45171 3.37034
threshold=-0.15077916446623593 1.6117734243664315 0.079547852094436447 0.056370022616508676 0.99216880240767746 0.024559498019958659 0.040907603247698342 0.049517446501810301 0.087706243934001962 0.65407234497246725 0.39166666666666677 -0.52368961279292814 0.031804505388295053 0.67500000000000016
decision_type=8 10 8 10 8 10 8 10 10 8 8 2 10 8
left_child=3 2 5 4 11 -2 8 -6 -3 12 -4 -1 -5 -8
right_child=1 6 10 9 7 -7 13 -9 -10 -11 -12 -13 -14 -15
leaf_value=-0.0060692873495519131 0.0019458088371026687 0.04043641625573835 -0.0072407548742709719 -0.0020577521446729159 0.0055067334999815898 0.020681233234486708 -0.020193070391685684 0.047276302841704393 -0.004575301027515649 0.0019661056016801832 -2.5358285664543354e-05 0.015026018189823449 0.04784819075462371 0.0069226864210786181
leaf_weight=48.956813747470733 78.301930256362539 5.4590507613866057 200.75520936801695 4.0595242484741929 11.033941768673687 68.683478732215008 96.137541046264232 14.086726048180934 132.53908164162021 9.1457867442331899 2293.2220759869724 34.198364349438634 23.647024826233974 13.010458717944855
leaf_count=45203 79839 4450 165861 5102 11706 51716 91823 9391 134575 9944 2138690 32287 19184 12666
internal_value=-3.01003e-05 -0.000753385 2.31159e-05 0.0143636 0.0087135 0.0107005 -0.00905095 0.0289295 -0.00279469 0.030964 -0.000606169 0.00260636 0.040536 -0.0169609
internal_weight=3033.24 2888.11 2640.96 145.128 108.276 146.985 247.146 25.1207 137.998 36.8523 2493.98 83.1552 27.7065 109.148
internal_count=2812437 2679620 2436106 132817 98587 131555 243514 21097 139025 34230 2304551 77490 24286 104489
is_linear=0
shrinkage=0.05


Tree=1
num_leaves=15
num_cat=0
split_feature=4 5 6 34 14 20 5 22 12 20 28 18 27 12
split_gain=963.159 180.917 103.654 64.7671 43.2744 42.3601 41.072 39.4764 34.1855 27.861 44.9996 24.8196 20.0956 16.0195
threshold=-0.27780723459408502 -0.27360615927498294 0.047430216069856222 0.34614606986220414 0.73349844787494756 -0.2995221371604439 -0.40833036773428222 1.2504548225959506 1.6255096974949839 -0.15077916446623593 -27.813407173348438 0.058122113363294432 101.17638460207399 1.5374484275710059
decision_type=8 8 10 10 8 8 8 2 10 8 10 10 10 10
left_child=2 4 6 5 7 -4 -1 -2 -5 10 -3 -11 -6 -8
right_child=1 9 3 8 12 -7 13 -9 -10 11 -12 -13 -14 -15
leaf_value=0.055461961552631611 0.005853362211114016 -0.028488003968973993 0.081524705610562062 0.038038688586098407 0.0082528460336009826 0.045659833417681532 -0.0056130218089490433 0.049480674274453899 -0.05198376183488515 -0.019037509079147759 0.0017515300341739771 0.028667749363189554 -0.016221125915911083 0.057931127982634938
leaf_weight=51.755921488758759 91.966143178935454 169.05778337882657 336.72657881333726 69.316696157198749 491.14234279083757 108.97446612882777 94.289991343146539 118.87343533374951 12.438144519750493 2215.1384686893944 451.83599642949412 27.604583433007065 101.14863623179554 11.084224884558351
leaf_count=2027 18525 8836 4022 1665 51557 3819 9479 3716 161 2628198 56679 18051 3783 681
internal_value=0.000190638 -0.0099737 0.0546327 0.0652518 0.010998 0.0727557 0.0189865 0.0304509 0.0243427 -0.0158554 -0.00648213 -0.0184503 0.0040733 0.00107113
internal_weight=4351.35 3666.77 684.586 527.456 803.131 445.701 157.13 210.84 81.7548 2863.64 620.894 2242.74 592.291 105.374
internal_count=2811199 2789345 21854 9667 77581 7841 12187 22241 1826 2711764 65515 2646249 55340 10160
is_linear=0
shrinkage=0.05


Tree=2
num_leaves=15
num_cat=0
split_feature=20 20 18 20 16 30 16 27 16 15 28 4 2 29
split_gain=2000.1 342.245 205.192 156.427 97.7459 72.6675 58.8153 44.6539 32.4088 23.8575 20.2897 17.6034 14.7375 11.2856
threshold=-0.16928198087287941 -0.2995221371604439 0.058122113363294432 -0.15077916446623593 0.056836998278042207 0.16597207507320785 0.061239209126539289 52.61847636812336 0.056370022616508676 0.041666666666666796 26.245669685148169 -0.31927346474062462 -0.023315245958908267 5.199868762468011e-11
decision_type=8 10 10 8 10 10 10 10 10 2 10 8 8 10
left_child=1 6 3 8 13 12 -1 -6 -2 -7 -8 -5 -4 -3
right_child=2 4 5 11 7 9 10 -9 -10 -11 -12 -13 -14 -15
leaf_value=0.039946502178614902 -0.010253413414554685 0.0013413588835298638 -0.048119531881710802 0.0279026235543628 0.043923271917049013 0.020048107196607792 0.073309449326128054 0.014421291566956145 0.026666134782913353 -0.014799523142371219 0.016008324418283478 -0.037902038583065026 0.071373210937794071 -0.021125999944783029
leaf_weight=183.82936930837604 148.29994623977109 189.84035315679648 2.7151443042530445 10.214646214735694 310.6150729153087 87.095981075181044 642.83924628121895 218.47696180414641 99.204818835445622 112.63032442984695 15.82898239912174 2010.2791776871527 51.983354061419959 79.216780052956892
leaf_count=5185 34248 17134 437 1192 10894 4371 5081 9725 5991 12680 426 2658572 712 43923
internal_value=-0.000246704 0.0427258 -0.0281971 -0.0329735 0.0192634 0.0143807 0.0649532 0.0317411 0.00454467 0.000396715 0.0719324 -0.0375694 0.0654418 -0.00527356
internal_weight=4163.07 1640.65 2522.42 2268 798.149 254.425 842.498 529.092 247.505 199.726 658.668 2020.49 54.6985 269.057
internal_count=2810571 92368 2718203 2700003 81676 18200 10692 20619 40239 17051 5507 2659764 1149 61057
is_linear=0
shrinkage=0.05


Tree=3
num_leaves=15
num_cat=0
split_feature=20 18 4 20 16 31 34 16 15 4 31 23 20 17
split_gain=2039.31 358.877 266.493 74.9173 66.5571 54.1116 40.2639 37.9815 23.295 22.2727 19.529 19.4694 15.6411 10.7382
threshold=-0.16386200096489259 0.058122113363294432 -0.31927346474062462 -0.15077916446623593 0.057860853365011677 0.33560422085288172 0.44138645701525075 0.061897849672397885 0.04085560379088269 -0.27780723459408502 0.20239610920783022 0.57500000000000007 -0.2995221371604439 0.050006615506747905
decision_type=8 10 10 8 10 8 10 10 2 8 10 10 10 2
left_child=2 3 7 11 12 -3 -6 13 -7 -5 -9 -2 -4 -1
right_child=1 5 4 9 6 8 -8 10 -10 -11 -12 -13 -14 -15
leaf_value=0.032470172616170752 -0.0074984949154958029 0.056481855210386372 0.024557961402225575 0.015006865723322674 0.037485675021028425 0.019837439061619222 0.0038931320275725025 0.068217560638996214 -0.019259407722227742 -0.040957432084376549 0.044115847909865613 0.048340762594376141 -0.0049862111250151839 0.063403343893339612
leaf_weight=136.2478522487072 90.424653318121273 85.08927177375881 55.978480501478771 17.947758861839247 446.66714017029881 127.81423066383286 111.46015586494468 629.00039966075565 54.279400384599285 1882.8373862814697 97.010157477096072 18.867549202273949 224.305949995025 35.331136710767169
leaf_count=4013 28859 2298 1964 3402 15282 4221 5554 4813 11667 2657435 932 874 70069 320
internal_value=0.000241646 -0.0308778 0.0410636 -0.0381144 0.0207939 0.0235648 0.0307771 0.059997 0.00818325 -0.040429 0.0649971 0.00214126 0.000914359 0.0388399
internal_weight=4013.26 2277.26 1736 2010.08 838.412 267.183 558.127 897.59 182.094 1900.79 726.011 109.292 280.284 171.579
internal_count=2811703 2708756 102947 2690570 92869 18186 20836 10078 15888 2660837 5745 29733 72033 4333
is_linear=0
shrinkage=0.05


Tree=4
num_leaves=15
num_cat=0
split_feature=5 18 4 3 5 30 7 28 2 15 5 8 30 30
split_gain=1712.44 302.692 167.383 135.17 59.3937 52.7567 45.263 31.3563 27.2114 25.5474 20.8018 18.0517 11.4834 10.3588
threshold=-0.29124623779796194 0.058122113363294432 -0.27780723459408502 -0.25638718145882172 -0.23593859776590678 0.21212428482759046 0.036289341734291915 5.4943220223079807 -0.13085024824766348 0.011695906432748412 -0.40833036773428222 0.038164328843547486 0.17380430822728507 0.33014798109907578
decision_type=8 10 8 10 8 8 10 10 10 2 10 10 10 10
left_child=3 2 13 7 -4 -3 8 12 -5 -7 -9 -8 -1 -2
right_child=1 5 4 6 -6 9 11 10 -10 -11 -12 -13 -14 -15
leaf_value=0.07417691770023073 0.03084643991140032 0.051840758373081011 -0.0068162495945982881 0.027460000015331072 -0.037267896410300864 0.025686341791834728 0.025424425557758965 0.055114527768956215 -0.017334081423141672 -0.010250924261944724 0.023889612761938711 0.043385177927709982 0.056588855987073153 0.00032080842479708207
leaf_weight=287.2072956871998 98.925863531178038 101.2097445022664 174.9466288063777 62.280532652919646 1890.0003308305313 97.501667337652179 258.41080074611818 198.89716470902204 74.411638229656091 100.3530706531601 72.883099914266495 305.03771742326353 137.11039883967896 38.650548662983056
leaf_count=1532 5635 1456 79915 4640 2633274 2678 10321 1993 34054 14292 1678 15489 1113 2981
internal_value=3.8074e-05 -0.0247212 -0.0311302 0.0443984 -0.034688 0.0224786 0.0288862 0.0600007 0.00307528 0.00745875 0.046741 0.035148 0.0684937 0.0222706
internal_weight=3897.83 2501.59 2202.52 1396.24 2064.95 299.064 700.141 696.098 136.692 197.855 271.78 563.449 424.318 137.576
internal_count=2811051 2740231 2721805 70820 2713189 18426 64504 6316 38694 16970 3671 25810 2645 8616
is_linear=0
shrinkage=0.05


Tree=5
num_leaves=15
num_cat=0
split_feature=20 18 20 6 20 30 8 22 4 5 30 16 29 15
split_gain=1573.71 318.963 156.159 92.9079 90.8538 45.0267 41.894 27.3271 24.0161 21.8086 16.9695 16.7237 14.3171 8.72671
threshold=-0.18203099531525205 0.058122113363294432 -0.2995221371604439 0.056682508701079368 -0.15077916446623593 0.11526902209655498 0.03890442679056632 0.9964571008785138 -0.27780723459408502 -0.40833036773428222 0.30260315390544656 0.061897849672397885 3.4603586767246765e-10 0.011695906432748412
decision_type=8 10 10 10 8 10 10 2 8 8 10 10 10 2
left_child=2 4 3 9 7 -3 11 -2 -6 -1 -5 -4 -8 -7
right_child=1 5 6 10 8 13 12 -9 -10 -11 -12 -13 -14 -15
leaf_value=0.0392036962945016 -0.016313376568147148 0.053808101061053985 -0.010938014571006134 0.066400478249532685 0.014684281611972742 0.019760808217270234 0.014108454871688998 0.021886042433675285 -0.037168596793835794 0.011910565463889779 0.044706230953211711 0.014487615926846293 0.039190473415033102 9.6183631169541989e-05
leaf_weight=218.85713906696765 112.50616248757433 80.502250101832033 108.72411051373638 535.09307375364006 22.611683666807949 116.75767673357041 80.115200262029248 80.188740965320903 1795.02834830543 109.96782211314712 108.40152218093863 159.62712864582136 196.29688122297375 109.17003622482298
leaf_count=3070 53880 866 38049 3058 3421 2699 9572 6031 2657510 3313 1246 5926 8230 14826
internal_value=0.000103165 -0.0258194 0.0396901 0.0516975 -0.0330626 0.0216996 0.0182587 -0.000416935 -0.0365235 0.0300761 0.0627459 0.00418627 0.0319207 0.0102587
internal_weight=3833.85 2316.76 1517.08 972.32 2010.33 306.43 544.763 192.695 1817.64 328.825 643.495 268.351 276.412 225.928
internal_count=2811697 2739233 72464 10687 2720842 18391 61777 59911 2660931 6383 4304 43975 17802 17525
is_linear=0
shrinkage=0.05


end of trees

feature_importances:
bias60=12
amp20=8
rk_ret5=7
ret20=6
ret60=6
overnight=5
vol60=4
amp=4
macd_hist=3
j_dev=3
rk_amt20=3
ret5=2
vol5=2
vol_ratio=2
amt_ratio=2
win20=2
kdj_j=2
illiq20=2
rk_ret20=2
rk_sharpe20=2
ret10=1
vol20=1
skew20=1
intraday=1
win60=1

parameters:
[boosting: gbdt]
[objective: lambdarank]
[metric: ndcg]
[tree_learner: serial]
[device_type: cpu]
[data_sample_strategy: bagging]
[data: ]
[valid: ]
[num_iterations: 200]
[learning_rate: 0.05]
[num_leaves: 15]
[num_threads: 8]
[seed: 42]
[deterministic: 0]
[force_col_wise: 0]
[force_row_wise: 0]
[histogram_pool_size: -1]
[max_depth: 4]
[min_data_in_leaf: 50]
[min_sum_hessian_in_leaf: 0.001]
[bagging_fraction: 0.8]
[pos_bagging_fraction: 1]
[neg_bagging_fraction: 1]
[bagging_freq: 1]
[bagging_seed: 400]
[bagging_by_query: 0]
[feature_fraction: 0.8]
[feature_fraction_bynode: 1]
[feature_fraction_seed: 30056]
[extra_trees: 0]
[extra_seed: 12879]
[early_stopping_round: 0]
[early_stopping_min_delta: 0]
[first_metric_only: 0]
[max_delta_step: 0]
[lambda_l1: 0]
[lambda_l2: 0]
[linear_lambda: 0]
[min_gain_to_split: 0]
[drop_rate: 0.1]
[max_drop: 50]
[skip_drop: 0.5]
[xgboost_dart_mode: 0]
[uniform_drop: 0]
[drop_seed: 17869]
[top_rate: 0.2]
[other_rate: 0.1]
[min_data_per_group: 100]
[max_cat_threshold: 32]
[cat_l2: 10]
[cat_smooth: 10]
[max_cat_to_onehot: 4]
[top_k: 20]
[monotone_constraints: ]
[monotone_constraints_method: basic]
[monotone_penalty: 0]
[feature_contri: ]
[forcedsplits_filename: ]
[refit_decay_rate: 0.9]
[cegb_tradeoff: 1]
[cegb_penalty_split: 0]
[cegb_penalty_feature_lazy: ]
[cegb_penalty_feature_coupled: ]
[path_smooth: 0]
[interaction_constraints: ]
[verbosity: -1]
[saved_feature_importance_type: 0]
[use_quantized_grad: 0]
[num_grad_quant_bins: 4]
[quant_train_renew_leaf: 0]
[stochastic_rounding: 1]
[linear_tree: 0]
[max_bin: 255]
[max_bin_by_feature: ]
[min_data_in_bin: 3]
[bin_construct_sample_cnt: 200000]
[data_random_seed: 175]
[is_enable_sparse: 1]
[enable_bundle: 1]
[use_missing: 1]
[zero_as_missing: 0]
[feature_pre_filter: 1]
[pre_partition: 0]
[two_round: 0]
[header: 0]
[label_column: ]
[weight_column: ]
[group_column: ]
[ignore_column: ]
[categorical_feature: ]
[forcedbins_filename: ]
[precise_float_parser: 0]
[parser_config_file: ]
[objective_seed: 16083]
[num_class: 1]
[is_unbalance: 0]
[scale_pos_weight: 1]
[sigmoid: 1]
[boost_from_average: 1]
[reg_sqrt: 0]
[alpha: 0.9]
[fair_c: 1]
[poisson_max_delta_step: 0.7]
[tweedie_variance_power: 1.5]
[lambdarank_truncation_level: 30]
[lambdarank_norm: 1]
[label_gain: 0,1,3,7,15]
[lambdarank_position_bias_regularization: 0]
[eval_at: 3]
[multi_error_top_k: 1]
[auc_mu_weights: ]
[num_machines: 1]
[local_listen_port: 12400]
[time_out: 120]
[machine_list_filename: ]
[machines: ]
[gpu_platform_id: -1]
[gpu_device_id: -1]
[gpu_device_id_list: ]
[gpu_use_dp: 0]
[num_gpu: 1]

end of parameters

pandas_categorical:[]
